1767555100.63008
1767555100.78361
1767555100.93714
1767555101.09066
1767555101.24419
1767555101.39772
1767555101.55125
1767555101.70477
1767555101.85830
1767555102.01183
1767555102.16536
1767555102.31889
1767555102.47241
1767555102.62594
1767555102.77947
1767555102.93300
1767555103.08652
1767555103.24005
1767555103.39358
1767555103.54711
1767555103.70063
1767555103.85416
1767555104.00769
1767555104.16122
1767555104.31475
1767555104.46827
1767555104.62180
1767555104.77533
1767555104.92886
1767555105.08238
1767555105.23591
1767555105.38944
1767555105.54297
1767555105.69650
1767555105.85002
1767555106.00355
1767555106.15708
1767555106.31061
1767555106.46413
1767555106.61766
1767555106.77119
1767555106.92472
1767555107.07824
1767555107.23177
1767555107.38530
1767555107.53883
1767555107.69236
1767555107.84588
1767555107.99941
1767555108.15294
1767555108.30647
1767555108.45999
1767555108.61352
1767555108.76705
1767555108.92058
1767555109.07411
1767555109.22763
1767555109.38116
1767555109.53469
1767555109.68822
1767555109.84174
1767555109.99527
1767555110.14880
1767555110.30233
1767555110.45586
1767555110.60938
1767555110.76291
1767555110.91644
1767555111.06997
1767555111.22349
1767555111.37702
1767555111.53055
1767555111.68408
1767555111.83760
1767555111.99113
1767555112.14466
1767555112.29819
1767555112.45172
1767555112.60524
1767555112.75877
1767555112.91230
1767555113.06583
1767555113.21935
1767555113.37288
1767555113.52641
1767555113.67994
1767555113.83347
1767555113.98699
1767555114.14052
1767555114.29405
1767555114.44758
1767555114.60110
1767555114.75463
1767555114.90816
1767555115.06169
1767555115.21521
1767555115.36874
1767555115.52227
1767555115.67580
1767555115.82933
1767555115.98285
1767555116.13638
1767555116.28991
1767555116.44344
1767555116.59696
1767555116.75049
1767555116.90402
1767555117.05755
1767555117.21108
1767555117.36460
1767555117.51813
1767555117.67166
1767555117.82519
1767555117.97871
1767555118.13224
1767555118.28577
1767555118.43930
1767555118.59283
1767555118.74635
1767555118.89988
1767555119.05341
1767555119.20694
1767555119.36046
1767555119.51399
1767555119.66752
1767555119.82105
1767555119.97457
1767555120.12810
1767555120.28163
1767555120.43516
1767555120.58869
1767555120.74221
1767555120.89574
1767555121.04927
1767555121.20280
1767555121.35632
1767555121.50985
1767555121.66338
1767555121.81691
1767555121.97044
1767555122.12396
1767555122.27749
1767555122.43102
1767555122.58455
1767555122.73807
1767555122.89160
1767555123.04513
1767555123.19866
1767555123.35219
1767555123.50571
1767555123.65924
1767555123.81277
1767555123.96630
1767555124.11982
1767555124.27335
1767555124.42688
1767555124.58041
1767555124.73393
1767555124.88746
1767555125.04099
1767555125.19452
1767555125.34805
1767555125.50157
1767555125.65510
1767555125.80863
1767555125.96216
1767555126.11568
1767555126.26921
1767555126.42274
1767555126.57627
1767555126.72980
1767555126.88332
1767555127.03685
1767555127.19038
1767555127.34391
1767555127.49743
1767555127.65096
1767555127.80449
1767555127.95802
1767555128.11154
1767555128.26507
1767555128.41860
1767555128.57213
1767555128.72566
1767555128.87918
1767555129.03271
1767555129.18624
1767555129.33977
1767555129.49329
1767555129.64682
1767555129.80035
1767555129.95388
1767555130.10741
1767555130.26093
1767555130.41446
1767555130.56799
1767555130.72152
1767555130.87504
1767555131.02857
1767555131.18210
1767555131.33563
1767555131.48916
1767555131.64268
1767555131.79621
1767555131.94974
1767555132.10327
1767555132.25679
1767555132.41032
1767555132.56385
1767555132.71738
1767555132.87090
1767555133.02443
1767555133.17796
1767555133.33149
1767555133.48502
1767555133.63854
1767555133.79207
1767555133.94560
1767555134.09913
1767555134.25265
1767555134.40618
1767555134.55971
1767555134.71324
1767555134.86677
1767555135.02029
1767555135.17382
1767555135.32735
1767555135.48088
1767555135.63440
1767555135.78793
1767555135.94146
1767555136.09499
1767555136.24851
1767555136.40204
1767555136.55557
1767555136.70910
1767555136.86263
1767555137.01615
1767555137.16968
1767555137.32321
1767555137.47674
1767555137.63026
1767555137.78379
1767555137.93732
1767555138.09085
1767555138.24438
1767555138.39790
1767555138.55143
1767555138.70496
1767555138.85849
1767555139.01201
1767555139.16554
1767555139.31907
1767555139.47260
1767555139.62613
1767555139.77965
1767555139.93318
1767555140.08671
1767555140.24024
1767555140.39376
1767555140.54729
1767555140.70082
1767555140.85435
1767555141.00787
1767555141.16140
1767555141.31493
1767555141.46846
1767555141.62199
1767555141.77551
1767555141.92904
1767555142.08257
1767555142.23610
1767555142.38962
1767555142.54315
1767555142.69668
1767555142.85021
1767555143.00374
1767555143.15726
1767555143.31079
1767555143.46432
1767555143.61785
1767555143.77137
1767555143.92490
1767555144.07843
1767555144.23196
1767555144.38548
1767555144.53901
1767555144.69254
1767555144.84607
1767555144.99960
1767555145.15312
1767555145.30665
1767555145.46018
1767555145.61371
1767555145.76723
1767555145.92076
1767555146.07429
1767555146.22782
1767555146.38135
1767555146.53487
1767555146.68840
1767555146.84193
1767555146.99546
1767555147.14898
1767555147.30251
1767555147.45604
1767555147.60957
1767555147.76310
1767555147.91662
1767555148.07015
1767555148.22368
1767555148.37721
1767555148.53073
1767555148.68426
1767555148.83779
1767555148.99132
1767555149.14484
1767555149.29837
1767555149.45190
1767555149.60543
1767555149.75896
1767555149.91248
1767555150.06601
1767555150.21954
1767555150.37307
1767555150.52659
1767555150.68012
1767555150.83365
1767555150.98718
1767555151.14071
1767555151.29423
1767555151.44776
1767555151.60129
1767555151.75482
1767555151.90834
1767555152.06187
1767555152.21540
1767555152.36893
1767555152.52245
1767555152.67598
1767555152.82951
1767555152.98304
1767555153.13657
1767555153.29009
1767555153.44362
1767555153.59715
1767555153.75068
1767555153.90420
1767555154.05773
1767555154.21126
1767555154.36479
1767555154.51832
1767555154.67184
1767555154.82537
1767555154.97890
1767555155.13243
1767555155.28595
1767555155.43948
1767555155.59301
1767555155.74654
1767555155.90007
1767555156.05359
1767555156.20712
1767555156.36065
1767555156.51418
1767555156.66770
1767555156.82123
1767555156.97476
1767555157.12829
1767555157.28181
1767555157.43534
1767555157.58887
1767555157.74240
1767555157.89593
1767555158.04945
1767555158.20298
1767555158.35651
1767555158.51004
1767555158.66356
1767555158.81709
1767555158.97062
1767555159.12415
1767555159.27768
1767555159.43120
1767555159.58473
1767555159.73826
1767555159.89179
1767555160.04531
1767555160.19884
1767555160.35237
1767555160.50590
1767555160.65943
1767555160.81295
1767555160.96648
1767555161.12001
1767555161.27354
1767555161.42706
1767555161.58059
1767555161.73412
1767555161.88765
1767555162.04117
1767555162.19470
1767555162.34823
1767555162.50176
1767555162.65529
1767555162.80881
1767555162.96234
1767555163.11587
1767555163.26940
1767555163.42292
1767555163.57645
1767555163.72998
1767555163.88351
1767555164.03704
1767555164.19056
1767555164.34409
1767555164.49762
1767555164.65115
1767555164.80467
1767555164.95820
1767555165.11173
1767555165.26526
1767555165.41878
1767555165.57231
1767555165.72584
1767555165.87937
1767555166.03290
1767555166.18642
1767555166.33995
1767555166.49348
1767555166.64701
1767555166.80053
1767555166.95406
1767555167.10759
1767555167.26112
1767555167.41465
1767555167.56817
1767555167.72170
1767555167.87523
1767555168.02876
1767555168.18228
1767555168.33581
1767555168.48934
1767555168.64287
1767555168.79640
1767555168.94992
1767555169.10345
1767555169.25698
1767555169.41051
1767555169.56403
1767555169.71756
1767555169.87109
1767555170.02462
1767555170.17814
1767555170.33167
1767555170.48520
1767555170.63873
1767555170.79226
1767555170.94578
1767555171.09931
1767555171.25284
1767555171.40637
1767555171.55989
1767555171.71342
1767555171.86695
1767555172.02048
1767555172.17401
1767555172.32753
1767555172.48106
1767555172.63459
1767555172.78812
1767555172.94164
1767555173.09517
1767555173.24870
1767555173.40223
1767555173.55575
1767555173.70928
1767555173.86281
1767555174.01634
1767555174.16987
1767555174.32339
1767555174.47692
1767555174.63045
1767555174.78398
1767555174.93750
1767555175.09103
1767555175.24456
1767555175.39809
1767555175.55162
1767555175.70514
1767555175.85867
1767555176.01220
1767555176.16573
1767555176.31925
1767555176.47278
1767555176.62631
1767555176.77984
1767555176.93337
1767555177.08689
1767555177.24042
1767555177.39395
1767555177.54748
1767555177.70100
1767555177.85453
1767555178.00806
1767555178.16159
1767555178.31511
1767555178.46864
1767555178.62217
1767555178.77570
1767555178.92923
1767555179.08275
1767555179.23628
1767555179.38981
1767555179.54334
1767555179.69686
1767555179.85039
1767555180.00392
1767555180.15745
1767555180.31098
1767555180.46450
1767555180.61803
1767555180.77156
1767555180.92509
1767555181.07861
1767555181.23214
1767555181.38567
1767555181.53920
1767555181.69272
1767555181.84625
1767555181.99978
1767555182.15331
1767555182.30684
1767555182.46036
1767555182.61389
1767555182.76742
1767555182.92095
1767555183.07447
1767555183.22800
1767555183.38153
1767555183.53506
1767555183.68859
1767555183.84211
1767555183.99564
1767555184.14917
1767555184.30270
1767555184.45622
1767555184.60975
1767555184.76328
1767555184.91681
1767555185.07034
1767555185.22386
1767555185.37739
1767555185.53092
1767555185.68445
1767555185.83797
1767555185.99150
1767555186.14503
1767555186.29856
1767555186.45208
1767555186.60561
1767555186.75914
1767555186.91267
1767555187.06620
1767555187.21972
1767555187.37325
1767555187.52678
1767555187.68031
1767555187.83383
1767555187.98736
1767555188.14089
1767555188.29442
1767555188.44795
1767555188.60147
1767555188.75500
1767555188.90853
1767555189.06206
1767555189.21558
1767555189.36911
1767555189.52264
1767555189.67617
1767555189.82969
1767555189.98322
1767555190.13675
1767555190.29028
1767555190.44381
1767555190.59733
1767555190.75086
1767555190.90439
1767555191.05792
1767555191.21144
1767555191.36497
1767555191.51850
1767555191.67203
1767555191.82556
1767555191.97908
1767555192.13261
1767555192.28614
1767555192.43967
1767555192.59319
1767555192.74672
1767555192.90025
1767555193.05378
1767555193.20731
1767555193.36083
1767555193.51436
1767555193.66789
1767555193.82142
1767555193.97494
1767555194.12847
1767555194.28200
1767555194.43553
1767555194.58905
1767555194.74258
1767555194.89611
1767555195.04964
1767555195.20317
1767555195.35669
1767555195.51022
1767555195.66375
1767555195.81728
1767555195.97080
1767555196.12433
1767555196.27786
1767555196.43139
1767555196.58492
1767555196.73844
1767555196.89197
1767555197.04550
1767555197.19903
1767555197.35255
1767555197.50608
1767555197.65961
1767555197.81314
1767555197.96667
1767555198.12019
1767555198.27372
1767555198.42725
1767555198.58078
1767555198.73430
1767555198.88783
1767555199.04136
1767555199.19489
1767555199.34841
1767555199.50194
1767555199.65547
1767555199.80900
1767555199.96253
1767555200.11605
1767555200.26958
1767555200.42311
1767555200.57664
1767555200.73016
1767555200.88369
1767555201.03722
1767555201.19075
1767555201.34428
1767555201.49780
1767555201.65133
1767555201.80486
1767555201.95839
1767555202.11191
1767555202.26544
1767555202.41897
1767555202.57250
1767555202.72602
1767555202.87955
1767555203.03308
1767555203.18661
1767555203.34014
1767555203.49366
1767555203.64719
1767555203.80072
1767555203.95425
1767555204.10777
1767555204.26130
1767555204.41483
1767555204.56836
1767555204.72189
1767555204.87541
1767555205.02894
1767555205.18247
1767555205.33600
1767555205.48952
1767555205.64305
1767555205.79658
1767555205.95011
1767555206.10364
1767555206.25716
1767555206.41069
1767555206.56422
1767555206.71775
1767555206.87127
1767555207.02480
1767555207.17833
1767555207.33186
1767555207.48538
1767555207.63891
1767555207.79244
1767555207.94597
1767555208.09950
1767555208.25302
1767555208.40655
1767555208.56008
1767555208.71361
1767555208.86713
1767555209.02066
1767555209.17419
1767555209.32772
1767555209.48125
1767555209.63477
1767555209.78830
1767555209.94183
1767555210.09536
1767555210.24888
1767555210.40241
1767555210.55594
1767555210.70947
1767555210.86299
1767555211.01652
1767555211.17005
1767555211.32358
1767555211.47711
1767555211.63063
1767555211.78416
1767555211.93769
1767555212.09122
1767555212.24474
1767555212.39827
1767555212.55180
1767555212.70533
1767555212.85886
1767555213.01238
1767555213.16591
1767555213.31944
1767555213.47297
1767555213.62649
1767555213.78002
1767555213.93355
1767555214.08708
1767555214.24061
1767555214.39413
1767555214.54766
1767555214.70119
1767555214.85472
1767555215.00824
1767555215.16177
1767555215.31530
1767555215.46883
1767555215.62235
1767555215.77588
1767555215.92941
1767555216.08294
1767555216.23647
1767555216.38999
1767555216.54352
1767555216.69705
1767555216.85058
1767555217.00410
1767555217.15763
1767555217.31116
1767555217.46469
1767555217.61822
1767555217.77174
1767555217.92527
1767555218.07880
1767555218.23233
1767555218.38585
1767555218.53938
1767555218.69291
1767555218.84644
1767555218.99996
1767555219.15349
1767555219.30702
1767555219.46055
1767555219.61408
1767555219.76760
1767555219.92113
1767555220.07466
1767555220.22819
1767555220.38171
1767555220.53524
1767555220.68877
1767555220.84230
1767555220.99583
1767555221.14935
1767555221.30288
1767555221.45641
1767555221.60994
1767555221.76346
1767555221.91699
1767555222.07052
1767555222.22405
1767555222.37758
1767555222.53110
1767555222.68463
1767555222.83816
1767555222.99169
1767555223.14521
1767555223.29874
1767555223.45227
1767555223.60580
1767555223.75932
1767555223.91285
1767555224.06638
1767555224.21991
1767555224.37344
1767555224.52696
1767555224.68049
1767555224.83402
1767555224.98755
1767555225.14107
1767555225.29460
1767555225.44813
1767555225.60166
1767555225.75519
1767555225.90871
1767555226.06224
1767555226.21577
1767555226.36930
1767555226.52282
1767555226.67635
1767555226.82988
1767555226.98341
1767555227.13693
1767555227.29046
1767555227.44399
1767555227.59752
1767555227.75105
1767555227.90457
1767555228.05810
1767555228.21163
1767555228.36516
1767555228.51868
1767555228.67221
1767555228.82574
1767555228.97927
1767555229.13280
1767555229.28632
1767555229.43985
1767555229.59338
1767555229.74691
1767555229.90043
1767555230.05396
1767555230.20749
1767555230.36102
1767555230.51455
1767555230.66807
1767555230.82160
1767555230.97513
1767555231.12866
1767555231.28218
1767555231.43571
1767555231.58924
1767555231.74277
1767555231.89629
1767555232.04982
1767555232.20335
1767555232.35688
1767555232.51041
1767555232.66393
1767555232.81746
1767555232.97099
1767555233.12452
1767555233.27804
1767555233.43157
1767555233.58510
1767555233.73863
1767555233.89216
1767555234.04568
1767555234.19921
1767555234.35274
1767555234.50627
1767555234.65979
1767555234.81332
1767555234.96685
1767555235.12038
1767555235.27391
1767555235.42743
1767555235.58096
1767555235.73449
1767555235.88802
1767555236.04154
1767555236.19507
1767555236.34860
1767555236.50213
1767555236.65565
1767555236.80918
1767555236.96271
1767555237.11624
1767555237.26977
1767555237.42329
1767555237.57682
1767555237.73035
1767555237.88388
1767555238.03740
1767555238.19093
1767555238.34446
1767555238.49799
1767555238.65152
1767555238.80504
1767555238.95857
1767555239.11210
1767555239.26563
1767555239.41915
1767555239.57268
1767555239.72621
1767555239.87974
1767555240.03326
1767555240.18679
1767555240.34032
1767555240.49385
1767555240.64738
1767555240.80090
1767555240.95443
1767555241.10796
1767555241.26149
1767555241.41501
1767555241.56854
1767555241.72207
1767555241.87560
1767555242.02913
1767555242.18265
1767555242.33618
1767555242.48971
1767555242.64324
1767555242.79676
1767555242.95029
1767555243.10382
1767555243.25735
1767555243.41088
1767555243.56440
1767555243.71793
1767555243.87146
1767555244.02499
1767555244.17851
1767555244.33204
1767555244.48557
1767555244.63910
1767555244.79262
1767555244.94615
1767555245.09968
1767555245.25321
1767555245.40674
1767555245.56026
1767555245.71379
1767555245.86732
1767555246.02085
1767555246.17437
1767555246.32790
1767555246.48143
1767555246.63496
1767555246.78849
1767555246.94201
1767555247.09554
1767555247.24907
1767555247.40260
1767555247.55612
1767555247.70965
1767555247.86318
1767555248.01671
1767555248.17023
1767555248.32376
1767555248.47729
1767555248.63082
1767555248.78435
1767555248.93787
1767555249.09140
1767555249.24493
1767555249.39846
1767555249.55198
1767555249.70551
1767555249.85904
1767555250.01257
1767555250.16610
1767555250.31962
1767555250.47315
1767555250.62668
1767555250.78021
1767555250.93373
1767555251.08726
1767555251.24079
1767555251.39432
1767555251.54785
1767555251.70137
1767555251.85490
1767555252.00843
1767555252.16196
1767555252.31548
1767555252.46901
1767555252.62254
1767555252.77607
1767555252.92959
1767555253.08312
1767555253.23665
1767555253.39018
1767555253.54371
1767555253.69723
1767555253.85076
1767555254.00429
1767555254.15782
1767555254.31134
1767555254.46487
1767555254.61840
1767555254.77193
1767555254.92546
1767555255.07898
1767555255.23251
1767555255.38604
1767555255.53957
1767555255.69309
1767555255.84662
1767555256.00015
1767555256.15368
1767555256.30720
1767555256.46073
1767555256.61426
1767555256.76779
1767555256.92132
1767555257.07484
1767555257.22837
1767555257.38190
1767555257.53543
1767555257.68895
1767555257.84248
1767555257.99601
1767555258.14954
1767555258.30307
1767555258.45659
1767555258.61012
1767555258.76365
1767555258.91718
1767555259.07070
1767555259.22423
1767555259.37776
1767555259.53129
1767555259.68482
1767555259.83834
1767555259.99187
1767555260.14540
1767555260.29893
1767555260.45245
1767555260.60598
1767555260.75951
1767555260.91304
1767555261.06656
1767555261.22009
1767555261.37362
1767555261.52715
1767555261.68068
1767555261.83420
1767555261.98773
1767555262.14126
1767555262.29479
1767555262.44831
1767555262.60184
1767555262.75537
1767555262.90890
1767555263.06243
1767555263.21595
1767555263.36948
1767555263.52301
1767555263.67654
1767555263.83006
1767555263.98359
1767555264.13712
1767555264.29065
1767555264.44418
1767555264.59770
1767555264.75123
1767555264.90476
1767555265.05829
1767555265.21181
1767555265.36534
1767555265.51887
1767555265.67240
1767555265.82592
1767555265.97945
1767555266.13298
1767555266.28651
1767555266.44004
1767555266.59356
1767555266.74709
1767555266.90062
1767555267.05415
1767555267.20767
1767555267.36120
1767555267.51473
1767555267.66826
1767555267.82179
1767555267.97531
1767555268.12884
1767555268.28237
1767555268.43590
1767555268.58942
1767555268.74295
1767555268.89648
1767555269.05001
1767555269.20353
1767555269.35706
1767555269.51059
1767555269.66412
1767555269.81765
1767555269.97117
1767555270.12470
1767555270.27823
1767555270.43176
1767555270.58528
1767555270.73881
1767555270.89234
1767555271.04587
1767555271.19940
1767555271.35292
1767555271.50645
1767555271.65998
1767555271.81351
1767555271.96703
1767555272.12056
1767555272.27409
1767555272.42762
1767555272.58115
1767555272.73467
1767555272.88820
1767555273.04173
1767555273.19526
1767555273.34878
1767555273.50231
1767555273.65584
1767555273.80937
1767555273.96289
1767555274.11642
1767555274.26995
1767555274.42348
1767555274.57701
1767555274.73053
1767555274.88406
1767555275.03759
1767555275.19112
1767555275.34464
1767555275.49817
1767555275.65170
1767555275.80523
1767555275.95876
1767555276.11228
1767555276.26581
1767555276.41934
1767555276.57287
1767555276.72639
1767555276.87992
1767555277.03345
1767555277.18698
1767555277.34050
1767555277.49403
1767555277.64756
1767555277.80109
1767555277.95462
1767555278.10814
1767555278.26167
1767555278.41520
1767555278.56873
1767555278.72225
1767555278.87578
1767555279.02931
1767555279.18284
1767555279.33637
1767555279.48989
1767555279.64342
1767555279.79695
1767555279.95048
1767555280.10400
1767555280.25753
1767555280.41106
1767555280.56459
1767555280.71812
1767555280.87164
1767555281.02517
1767555281.17870
1767555281.33223
1767555281.48575
1767555281.63928
1767555281.79281
1767555281.94634
1767555282.09986
1767555282.25339
1767555282.40692
1767555282.56045
1767555282.71398
1767555282.86750
1767555283.02103
1767555283.17456
1767555283.32809
1767555283.48161
1767555283.63514
1767555283.78867
1767555283.94220
1767555284.09573
1767555284.24925
1767555284.40278
1767555284.55631
1767555284.70984
1767555284.86336
1767555285.01689
1767555285.17042
1767555285.32395
1767555285.47747
1767555285.63100
1767555285.78453
1767555285.93806
1767555286.09159
1767555286.24511
1767555286.39864
1767555286.55217
1767555286.70570
1767555286.85922
1767555287.01275
1767555287.16628
1767555287.31981
1767555287.47334
1767555287.62686
1767555287.78039
1767555287.93392
1767555288.08745
1767555288.24097
1767555288.39450
1767555288.54803
1767555288.70156
1767555288.85509
1767555289.00861
1767555289.16214
1767555289.31567
1767555289.46920
1767555289.62272
1767555289.77625
1767555289.92978
1767555290.08331
1767555290.23683
1767555290.39036
1767555290.54389
1767555290.69742
1767555290.85095
1767555291.00447
1767555291.15800
1767555291.31153
1767555291.46506
1767555291.61858
1767555291.77211
1767555291.92564
1767555292.07917
1767555292.23270
1767555292.38622
1767555292.53975
1767555292.69328
1767555292.84681
1767555293.00033
1767555293.15386
1767555293.30739
1767555293.46092
1767555293.61444
1767555293.76797
1767555293.92150
1767555294.07503
1767555294.22856
1767555294.38208
1767555294.53561
1767555294.68914
1767555294.84267
1767555294.99619
1767555295.14972
1767555295.30325
1767555295.45678
1767555295.61031
1767555295.76383
1767555295.91736
1767555296.07089
1767555296.22442
1767555296.37794
1767555296.53147
1767555296.68500
1767555296.83853
1767555296.99206
1767555297.14558
1767555297.29911
1767555297.45264
1767555297.60617
1767555297.75969
1767555297.91322
1767555298.06675
1767555298.22028
1767555298.37380
1767555298.52733
1767555298.68086
1767555298.83439
1767555298.98792
1767555299.14144
1767555299.29497
1767555299.44850
1767555299.60203
1767555299.75555
1767555299.90908
1767555300.06261
1767555300.21614
1767555300.36967
1767555300.52319
1767555300.67672
1767555300.83025
1767555300.98378
1767555301.13730
1767555301.29083
1767555301.44436
1767555301.59789
1767555301.75142
1767555301.90494
1767555302.05847
1767555302.21200
1767555302.36553
1767555302.51905
1767555302.67258
1767555302.82611
1767555302.97964
1767555303.13316
1767555303.28669
1767555303.44022
1767555303.59375
1767555303.74728
1767555303.90080
1767555304.05433
1767555304.20786
1767555304.36139
1767555304.51491
1767555304.66844
1767555304.82197
1767555304.97550
1767555305.12903
1767555305.28255
1767555305.43608
1767555305.58961
1767555305.74314
1767555305.89666
1767555306.05019
1767555306.20372
1767555306.35725
1767555306.51077
1767555306.66430
1767555306.81783
1767555306.97136
1767555307.12489
1767555307.27841
1767555307.43194
1767555307.58547
1767555307.73900
1767555307.89252
1767555308.04605
1767555308.19958
1767555308.35311
1767555308.50664
1767555308.66016
1767555308.81369
1767555308.96722
1767555309.12075
1767555309.27427
1767555309.42780
1767555309.58133
1767555309.73486
1767555309.88839
1767555310.04191
1767555310.19544
1767555310.34897
1767555310.50250
1767555310.65602
1767555310.80955
1767555310.96308
1767555311.11661
1767555311.27013
1767555311.42366
1767555311.57719
1767555311.73072
1767555311.88425
1767555312.03777
1767555312.19130
1767555312.34483
1767555312.49836
1767555312.65188
1767555312.80541
1767555312.95894
1767555313.11247
1767555313.26600
1767555313.41952
1767555313.57305
1767555313.72658
1767555313.88011
1767555314.03363
1767555314.18716
1767555314.34069
1767555314.49422
1767555314.64774
1767555314.80127
1767555314.95480
1767555315.10833
1767555315.26186
1767555315.41538
1767555315.56891
1767555315.72244
1767555315.87597
1767555316.02949
1767555316.18302
1767555316.33655
1767555316.49008
1767555316.64361
1767555316.79713
1767555316.95066
1767555317.10419
1767555317.25772
1767555317.41124
1767555317.56477
1767555317.71830
1767555317.87183
1767555318.02536
1767555318.17888
1767555318.33241
1767555318.48594
1767555318.63947
1767555318.79299
1767555318.94652
1767555319.10005
1767555319.25358
1767555319.40710
1767555319.56063
1767555319.71416
1767555319.86769
1767555320.02122
1767555320.17474
1767555320.32827
1767555320.48180
1767555320.63533
1767555320.78885
1767555320.94238
1767555321.09591
1767555321.24944
1767555321.40297
1767555321.55649
1767555321.71002
1767555321.86355
1767555322.01708
1767555322.17060
1767555322.32413
1767555322.47766
1767555322.63119
1767555322.78471
1767555322.93824
1767555323.09177
1767555323.24530
1767555323.39883
1767555323.55235
1767555323.70588
1767555323.85941
1767555324.01294
1767555324.16646
1767555324.31999
1767555324.47352
1767555324.62705
1767555324.78058
1767555324.93410
1767555325.08763
1767555325.24116
1767555325.39469
1767555325.54821
1767555325.70174
1767555325.85527
1767555326.00880
1767555326.16233
1767555326.31585
1767555326.46938
1767555326.62291
1767555326.77644
1767555326.92996
1767555327.08349
1767555327.23702
1767555327.39055
1767555327.54407
1767555327.69760
1767555327.85113
1767555328.00466
1767555328.15819
1767555328.31171
1767555328.46524
1767555328.61877
1767555328.77230
1767555328.92582
1767555329.07935
1767555329.23288
1767555329.38641
1767555329.53994
1767555329.69346
1767555329.84699
1767555330.00052
1767555330.15405
1767555330.30757
1767555330.46110
1767555330.61463
1767555330.76816
1767555330.92168
1767555331.07521
1767555331.22874
1767555331.38227
1767555331.53580
1767555331.68932
1767555331.84285
1767555331.99638
1767555332.14991
1767555332.30343
1767555332.45696
1767555332.61049
1767555332.76402
1767555332.91755
1767555333.07107
1767555333.22460
1767555333.37813
1767555333.53166
1767555333.68518
1767555333.83871
1767555333.99224
1767555334.14577
1767555334.29930
1767555334.45282
1767555334.60635
1767555334.75988
1767555334.91341
1767555335.06693
1767555335.22046
1767555335.37399
1767555335.52752
1767555335.68104
1767555335.83457
1767555335.98810
1767555336.14163
1767555336.29516
1767555336.44868
1767555336.60221
1767555336.75574
1767555336.90927
1767555337.06279
1767555337.21632
1767555337.36985
1767555337.52338
1767555337.67691
1767555337.83043
1767555337.98396
1767555338.13749
1767555338.29102
1767555338.44454
1767555338.59807
1767555338.75160
1767555338.90513
1767555339.05866
1767555339.21218
1767555339.36571
1767555339.51924
1767555339.67277
1767555339.82629
1767555339.97982
1767555340.13335
1767555340.28688
1767555340.44040
1767555340.59393
1767555340.74746
1767555340.90099
1767555341.05452
1767555341.20804
1767555341.36157
1767555341.51510
1767555341.66863
1767555341.82215
1767555341.97568
1767555342.12921
1767555342.28274
1767555342.43627
1767555342.58979
1767555342.74332
1767555342.89685
1767555343.05038
1767555343.20390
1767555343.35743
1767555343.51096
1767555343.66449
1767555343.81801
1767555343.97154
1767555344.12507
1767555344.27860
1767555344.43213
1767555344.58565
1767555344.73918
1767555344.89271
1767555345.04624
1767555345.19976
1767555345.35329
1767555345.50682
1767555345.66035
1767555345.81388
1767555345.96740
1767555346.12093
1767555346.27446
1767555346.42799
1767555346.58151
1767555346.73504
1767555346.88857
1767555347.04210
1767555347.19563
1767555347.34915
1767555347.50268
1767555347.65621
1767555347.80974
1767555347.96326
1767555348.11679
1767555348.27032
1767555348.42385
1767555348.57737
1767555348.73090
1767555348.88443
1767555349.03796
1767555349.19149
1767555349.34501
1767555349.49854
1767555349.65207
1767555349.80560
1767555349.95912
1767555350.11265
1767555350.26618
1767555350.41971
1767555350.57324
1767555350.72676
1767555350.88029
1767555351.03382
1767555351.18735
1767555351.34087
1767555351.49440
1767555351.64793
1767555351.80146
1767555351.95498
1767555352.10851
1767555352.26204
1767555352.41557
1767555352.56910
1767555352.72262
1767555352.87615
1767555353.02968
1767555353.18321
1767555353.33673
1767555353.49026
1767555353.64379
1767555353.79732
1767555353.95085
1767555354.10437
1767555354.25790
1767555354.41143
1767555354.56496
1767555354.71848
1767555354.87201
1767555355.02554
1767555355.17907
1767555355.33260
1767555355.48612
1767555355.63965
1767555355.79318
1767555355.94671
1767555356.10023
1767555356.25376
1767555356.40729
1767555356.56082
1767555356.71434
1767555356.86787
1767555357.02140
1767555357.17493
1767555357.32846
1767555357.48198
1767555357.63551
1767555357.78904
1767555357.94257
1767555358.09609
1767555358.24962
1767555358.40315
1767555358.55668
1767555358.71021
1767555358.86373
1767555359.01726
1767555359.17079
1767555359.32432
1767555359.47784
1767555359.63137
1767555359.78490
1767555359.93843
1767555360.09195
1767555360.24548
1767555360.39901
1767555360.55254
1767555360.70607
1767555360.85959
1767555361.01312
1767555361.16665
1767555361.32018
1767555361.47370
1767555361.62723
1767555361.78076
1767555361.93429
1767555362.08782
1767555362.24134
1767555362.39487
1767555362.54840
1767555362.70193
1767555362.85545
1767555363.00898
1767555363.16251
1767555363.31604
1767555363.46957
1767555363.62309
1767555363.77662
1767555363.93015
1767555364.08368
1767555364.23720
1767555364.39073
1767555364.54426
1767555364.69779
1767555364.85131
1767555365.00484
1767555365.15837
1767555365.31190
1767555365.46543
1767555365.61895
1767555365.77248
1767555365.92601
1767555366.07954
1767555366.23306
1767555366.38659
1767555366.54012
1767555366.69365
1767555366.84718
1767555367.00070
1767555367.15423
1767555367.30776
1767555367.46129
1767555367.61481
1767555367.76834
1767555367.92187
1767555368.07540
1767555368.22892
1767555368.38245
1767555368.53598
1767555368.68951
1767555368.84304
1767555368.99656
1767555369.15009
1767555369.30362
1767555369.45715
1767555369.61067
1767555369.76420
1767555369.91773
1767555370.07126
1767555370.22479
1767555370.37831
1767555370.53184
1767555370.68537
1767555370.83890
1767555370.99242
1767555371.14595
1767555371.29948
1767555371.45301
1767555371.60654
1767555371.76006
1767555371.91359
1767555372.06712
1767555372.22065
1767555372.37417
1767555372.52770
1767555372.68123
1767555372.83476
1767555372.98828
1767555373.14181
1767555373.29534
1767555373.44887
1767555373.60240
1767555373.75592
1767555373.90945
1767555374.06298
1767555374.21651
1767555374.37003
1767555374.52356
1767555374.67709
1767555374.83062
1767555374.98415
1767555375.13767
1767555375.29120
1767555375.44473
1767555375.59826
1767555375.75178
1767555375.90531
1767555376.05884
1767555376.21237
1767555376.36590
1767555376.51942
1767555376.67295
1767555376.82648
1767555376.98001
1767555377.13353
1767555377.28706
1767555377.44059
1767555377.59412
1767555377.74764
1767555377.90117
1767555378.05470
1767555378.20823
1767555378.36176
1767555378.51528
1767555378.66881
1767555378.82234
1767555378.97587
1767555379.12939
1767555379.28292
1767555379.43645
1767555379.58998
1767555379.74351
1767555379.89703
1767555380.05056
1767555380.20409
1767555380.35762
1767555380.51114
1767555380.66467
1767555380.81820
1767555380.97173
1767555381.12525
1767555381.27878
1767555381.43231
1767555381.58584
1767555381.73937
1767555381.89289
1767555382.04642
1767555382.19995
1767555382.35348
1767555382.50700
1767555382.66053
1767555382.81406
1767555382.96759
1767555383.12112
1767555383.27464
1767555383.42817
1767555383.58170
1767555383.73523
1767555383.88875
1767555384.04228
1767555384.19581
1767555384.34934
1767555384.50287
1767555384.65639
1767555384.80992
1767555384.96345
1767555385.11698
1767555385.27050
1767555385.42403
1767555385.57756
1767555385.73109
1767555385.88461
1767555386.03814
1767555386.19167
1767555386.34520
1767555386.49873
1767555386.65225
1767555386.80578
1767555386.95931
1767555387.11284
1767555387.26636
1767555387.41989
1767555387.57342
1767555387.72695
1767555387.88048
1767555388.03400
1767555388.18753
1767555388.34106
1767555388.49459
1767555388.64811
1767555388.80164
1767555388.95517
1767555389.10870
1767555389.26222
1767555389.41575
1767555389.56928
1767555389.72281
1767555389.87634
1767555390.02986
1767555390.18339
1767555390.33692
1767555390.49045
1767555390.64397
1767555390.79750
1767555390.95103
1767555391.10456
1767555391.25809
1767555391.41161
1767555391.56514
1767555391.71867
1767555391.87220
1767555392.02572
1767555392.17925
1767555392.33278
1767555392.48631
1767555392.63984
1767555392.79336
1767555392.94689
1767555393.10042
1767555393.25395
1767555393.40747
1767555393.56100
1767555393.71453
1767555393.86806
1767555394.02158
1767555394.17511
1767555394.32864
1767555394.48217
1767555394.63570
1767555394.78922
1767555394.94275
1767555395.09628
1767555395.24981
1767555395.40333
1767555395.55686
1767555395.71039
1767555395.86392
1767555396.01745
1767555396.17097
1767555396.32450
1767555396.47803
1767555396.63156
1767555396.78508
1767555396.93861
1767555397.09214
1767555397.24567
1767555397.39919
1767555397.55272
1767555397.70625
1767555397.85978
1767555398.01331
1767555398.16683
1767555398.32036
1767555398.47389
1767555398.62742
1767555398.78094
1767555398.93447
1767555399.08800
1767555399.24153
1767555399.39506
1767555399.54858
1767555399.70211
1767555399.85564
1767555400.00917
1767555400.16269
1767555400.31622
1767555400.46975
1767555400.62328
1767555400.77681
1767555400.93033
1767555401.08386
1767555401.23739
1767555401.39092
1767555401.54444
1767555401.69797
1767555401.85150
1767555402.00503
1767555402.15855
1767555402.31208
1767555402.46561
1767555402.61914
1767555402.77267
1767555402.92619
1767555403.07972
1767555403.23325
1767555403.38678
1767555403.54030
1767555403.69383
1767555403.84736
1767555404.00089
1767555404.15442
1767555404.30794
1767555404.46147
1767555404.61500
1767555404.76853
1767555404.92205
1767555405.07558
1767555405.22911
1767555405.38264
1767555405.53616
1767555405.68969
1767555405.84322
1767555405.99675
1767555406.15028
1767555406.30380
1767555406.45733
1767555406.61086
1767555406.76439
1767555406.91791
1767555407.07144
1767555407.22497
1767555407.37850
1767555407.53203
1767555407.68555
1767555407.83908
1767555407.99261
1767555408.14614
1767555408.29966
1767555408.45319
1767555408.60672
1767555408.76025
1767555408.91378
1767555409.06730
1767555409.22083
1767555409.37436
1767555409.52789
1767555409.68141
1767555409.83494
1767555409.98847
1767555410.14200
1767555410.29552
1767555410.44905
1767555410.60258
1767555410.75611
1767555410.90964
1767555411.06316
1767555411.21669
1767555411.37022
1767555411.52375
1767555411.67727
1767555411.83080
1767555411.98433
1767555412.13786
1767555412.29139
1767555412.44491
1767555412.59844
1767555412.75197
1767555412.90550
1767555413.05902
1767555413.21255
1767555413.36608
1767555413.51961
1767555413.67314
1767555413.82666
1767555413.98019
1767555414.13372
1767555414.28725
1767555414.44077
1767555414.59430
1767555414.74783
1767555414.90136
1767555415.05488
1767555415.20841
1767555415.36194
1767555415.51547
1767555415.66900
1767555415.82252
1767555415.97605
1767555416.12958
1767555416.28311
1767555416.43663
1767555416.59016
1767555416.74369
1767555416.89722
1767555417.05075
1767555417.20427
1767555417.35780
1767555417.51133
1767555417.66486
1767555417.81838
1767555417.97191
1767555418.12544
1767555418.27897
1767555418.43249
1767555418.58602
1767555418.73955
1767555418.89308
1767555419.04661
1767555419.20013
1767555419.35366
1767555419.50719
1767555419.66072
1767555419.81424
1767555419.96777
1767555420.12130
1767555420.27483
1767555420.42836
1767555420.58188
1767555420.73541
1767555420.88894
1767555421.04247
1767555421.19599
1767555421.34952
1767555421.50305
1767555421.65658
1767555421.81011
1767555421.96363
1767555422.11716
1767555422.27069
1767555422.42422
1767555422.57774
1767555422.73127
1767555422.88480
1767555423.03833
1767555423.19185
1767555423.34538
1767555423.49891
1767555423.65244
1767555423.80597
1767555423.95949
1767555424.11302
1767555424.26655
1767555424.42008
1767555424.57360
1767555424.72713
1767555424.88066
1767555425.03419
1767555425.18772
1767555425.34124
1767555425.49477
1767555425.64830
1767555425.80183
1767555425.95535
1767555426.10888
1767555426.26241
1767555426.41594
1767555426.56946
1767555426.72299
1767555426.87652
1767555427.03005
1767555427.18358
1767555427.33710
1767555427.49063
1767555427.64416
1767555427.79769
1767555427.95121
1767555428.10474
1767555428.25827
1767555428.41180
1767555428.56533
1767555428.71885
1767555428.87238
1767555429.02591
1767555429.17944
1767555429.33296
1767555429.48649
1767555429.64002
1767555429.79355
1767555429.94708
1767555430.10060
1767555430.25413
1767555430.40766
1767555430.56119
1767555430.71471
1767555430.86824
1767555431.02177
1767555431.17530
1767555431.32882
1767555431.48235
1767555431.63588
1767555431.78941
1767555431.94294
1767555432.09646
1767555432.24999
1767555432.40352
1767555432.55705
1767555432.71057
1767555432.86410
1767555433.01763
1767555433.17116
1767555433.32469
1767555433.47821
1767555433.63174
1767555433.78527
1767555433.93880
1767555434.09232
1767555434.24585
1767555434.39938
1767555434.55291
1767555434.70643
1767555434.85996
1767555435.01349
1767555435.16702
1767555435.32055
1767555435.47407
1767555435.62760
1767555435.78113
1767555435.93466
1767555436.08818
1767555436.24171
1767555436.39524
1767555436.54877
1767555436.70230
1767555436.85582
1767555437.00935
1767555437.16288
1767555437.31641
1767555437.46993
1767555437.62346
1767555437.77699
1767555437.93052
1767555438.08405
1767555438.23757
1767555438.39110
1767555438.54463
1767555438.69816
1767555438.85168
1767555439.00521
1767555439.15874
1767555439.31227
1767555439.46579
1767555439.61932
1767555439.77285
1767555439.92638
1767555440.07991
1767555440.23343
1767555440.38696
1767555440.54049
1767555440.69402
1767555440.84754
1767555441.00107
1767555441.15460
1767555441.30813
1767555441.46166
1767555441.61518
1767555441.76871
1767555441.92224
1767555442.07577
1767555442.22929
1767555442.38282
1767555442.53635
1767555442.68988
1767555442.84341
1767555442.99693
1767555443.15046
1767555443.30399
1767555443.45752
1767555443.61104
1767555443.76457
1767555443.91810
1767555444.07163
1767555444.22515
1767555444.37868
1767555444.53221
1767555444.68574
1767555444.83927
1767555444.99279
1767555445.14632
1767555445.29985
1767555445.45338
1767555445.60690
1767555445.76043
1767555445.91396
1767555446.06749
1767555446.22102
1767555446.37454
1767555446.52807
1767555446.68160
1767555446.83513
1767555446.98865
1767555447.14218
1767555447.29571
1767555447.44924
1767555447.60276
1767555447.75629
1767555447.90982
1767555448.06335
1767555448.21688
1767555448.37040
1767555448.52393
1767555448.67746
1767555448.83099
1767555448.98451
1767555449.13804
1767555449.29157
1767555449.44510
1767555449.59863
1767555449.75215
1767555449.90568
1767555450.05921
1767555450.21274
1767555450.36626
1767555450.51979
1767555450.67332
1767555450.82685
1767555450.98038
1767555451.13390
1767555451.28743
1767555451.44096
1767555451.59449
1767555451.74801
1767555451.90154
1767555452.05507
1767555452.20860
1767555452.36212
1767555452.51565
1767555452.66918
1767555452.82271
1767555452.97624
1767555453.12976
1767555453.28329
1767555453.43682
1767555453.59035
1767555453.74387
1767555453.89740
1767555454.05093
1767555454.20446
1767555454.35799
1767555454.51151
1767555454.66504
1767555454.81857
1767555454.97210
1767555455.12562
1767555455.27915
1767555455.43268
1767555455.58621
1767555455.73973
1767555455.89326
1767555456.04679
1767555456.20032
1767555456.35385
1767555456.50737
1767555456.66090
1767555456.81443
1767555456.96796
1767555457.12148
1767555457.27501
1767555457.42854
1767555457.58207
1767555457.73560
1767555457.88912
1767555458.04265
1767555458.19618
1767555458.34971
1767555458.50323
1767555458.65676
1767555458.81029
1767555458.96382
1767555459.11735
1767555459.27087
1767555459.42440
1767555459.57793
1767555459.73146
1767555459.88498
1767555460.03851
1767555460.19204
1767555460.34557
1767555460.49909
1767555460.65262
1767555460.80615
1767555460.95968
1767555461.11321
1767555461.26673
1767555461.42026
1767555461.57379
1767555461.72732
1767555461.88084
1767555462.03437
1767555462.18790
1767555462.34143
1767555462.49496
1767555462.64848
1767555462.80201
1767555462.95554
1767555463.10907
1767555463.26259
1767555463.41612
1767555463.56965
1767555463.72318
1767555463.87670
1767555464.03023
1767555464.18376
1767555464.33729
1767555464.49082
1767555464.64434
1767555464.79787
1767555464.95140
1767555465.10493
1767555465.25845
1767555465.41198
1767555465.56551
1767555465.71904
1767555465.87257
1767555466.02609
1767555466.17962
1767555466.33315
1767555466.48668
1767555466.64020
1767555466.79373
1767555466.94726
1767555467.10079
1767555467.25432
1767555467.40784
1767555467.56137
1767555467.71490
1767555467.86843
1767555468.02195
1767555468.17548
1767555468.32901
1767555468.48254
1767555468.63606
1767555468.78959
1767555468.94312
1767555469.09665
1767555469.25018
1767555469.40370
1767555469.55723
1767555469.71076
1767555469.86429
1767555470.01781
1767555470.17134
1767555470.32487
1767555470.47840
1767555470.63193
1767555470.78545
1767555470.93898
1767555471.09251
1767555471.24604
1767555471.39956
1767555471.55309
1767555471.70662
1767555471.86015
1767555472.01367
1767555472.16720
1767555472.32073
1767555472.47426
1767555472.62779
1767555472.78131
1767555472.93484
1767555473.08837
1767555473.24190
1767555473.39542
1767555473.54895
1767555473.70248
1767555473.85601
1767555474.00954
1767555474.16306
1767555474.31659
1767555474.47012
1767555474.62365
1767555474.77717
1767555474.93070
1767555475.08423
1767555475.23776
1767555475.39129
1767555475.54481
1767555475.69834
1767555475.85187
1767555476.00540
1767555476.15892
1767555476.31245
1767555476.46598
1767555476.61951
1767555476.77303
1767555476.92656
1767555477.08009
1767555477.23362
1767555477.38715
1767555477.54067
1767555477.69420
1767555477.84773
1767555478.00126
1767555478.15478
1767555478.30831
1767555478.46184
1767555478.61537
1767555478.76890
1767555478.92242
1767555479.07595
1767555479.22948
1767555479.38301
1767555479.53653
1767555479.69006
1767555479.84359
1767555479.99712
1767555480.15065
1767555480.30417
1767555480.45770
1767555480.61123
1767555480.76476
1767555480.91828
1767555481.07181
1767555481.22534
1767555481.37887
1767555481.53239
1767555481.68592
1767555481.83945
1767555481.99298
1767555482.14651
1767555482.30003
1767555482.45356
1767555482.60709
1767555482.76062
1767555482.91414
1767555483.06767
1767555483.22120
1767555483.37473
1767555483.52826
1767555483.68178
1767555483.83531
1767555483.98884
1767555484.14237
1767555484.29589
1767555484.44942
1767555484.60295
1767555484.75648
1767555484.91000
1767555485.06353
1767555485.21706
1767555485.37059
1767555485.52412
1767555485.67764
1767555485.83117
1767555485.98470
1767555486.13823
1767555486.29175
1767555486.44528
1767555486.59881
1767555486.75234
1767555486.90587
1767555487.05939
1767555487.21292
1767555487.36645
1767555487.51998
1767555487.67350
1767555487.82703
1767555487.98056
1767555488.13409
1767555488.28762
1767555488.44114
1767555488.59467
1767555488.74820
1767555488.90173
1767555489.05525
1767555489.20878
1767555489.36231
1767555489.51584
1767555489.66936
1767555489.82289
1767555489.97642
1767555490.12995
1767555490.28348
1767555490.43700
1767555490.59053
1767555490.74406
1767555490.89759
1767555491.05111
1767555491.20464
1767555491.35817
1767555491.51170
1767555491.66523
1767555491.81875
1767555491.97228
1767555492.12581
1767555492.27934
1767555492.43286
1767555492.58639
1767555492.73992
1767555492.89345
1767555493.04697
1767555493.20050
1767555493.35403
1767555493.50756
1767555493.66109
1767555493.81461
1767555493.96814
1767555494.12167
1767555494.27520
1767555494.42872
1767555494.58225
1767555494.73578
1767555494.88931
1767555495.04284
1767555495.19636
1767555495.34989
1767555495.50342
1767555495.65695
1767555495.81047
1767555495.96400
1767555496.11753
1767555496.27106
1767555496.42459
1767555496.57811
1767555496.73164
1767555496.88517
1767555497.03870
1767555497.19222
1767555497.34575
1767555497.49928
1767555497.65281
1767555497.80633
1767555497.95986
1767555498.11339
1767555498.26692
1767555498.42045
1767555498.57397
1767555498.72750
1767555498.88103
1767555499.03456
1767555499.18808
1767555499.34161
1767555499.49514
1767555499.64867
1767555499.80220
1767555499.95572
1767555500.10925
1767555500.26278
1767555500.41631
1767555500.56983
1767555500.72336
1767555500.87689
1767555501.03042
1767555501.18394
1767555501.33747
1767555501.49100
1767555501.64453
1767555501.79806
1767555501.95158
1767555502.10511
1767555502.25864
1767555502.41217
1767555502.56569
1767555502.71922
1767555502.87275
1767555503.02628
1767555503.17981
1767555503.33333
1767555503.48686
1767555503.64039
1767555503.79392
1767555503.94744
1767555504.10097
1767555504.25450
1767555504.40803
1767555504.56156
1767555504.71508
1767555504.86861
1767555505.02214
1767555505.17567
1767555505.32919
1767555505.48272
1767555505.63625
1767555505.78978
1767555505.94330
1767555506.09683
1767555506.25036
1767555506.40389
1767555506.55742
1767555506.71094
1767555506.86447
1767555507.01800
1767555507.17153
1767555507.32505
1767555507.47858
1767555507.63211
1767555507.78564
1767555507.93917
1767555508.09269
1767555508.24622
1767555508.39975
1767555508.55328
1767555508.70680
1767555508.86033
1767555509.01386
1767555509.16739
1767555509.32091
1767555509.47444
1767555509.62797
1767555509.78150
1767555509.93503
1767555510.08855
1767555510.24208
1767555510.39561
1767555510.54914
1767555510.70266
1767555510.85619
1767555511.00972
1767555511.16325
1767555511.31678
1767555511.47030
1767555511.62383
1767555511.77736
1767555511.93089
1767555512.08441
1767555512.23794
1767555512.39147
1767555512.54500
1767555512.69853
1767555512.85205
1767555513.00558
1767555513.15911
1767555513.31264
1767555513.46616
1767555513.61969
1767555513.77322
1767555513.92675
1767555514.08027
1767555514.23380
1767555514.38733
1767555514.54086
1767555514.69439
1767555514.84791
1767555515.00144
1767555515.15497
1767555515.30850
1767555515.46202
1767555515.61555
1767555515.76908
1767555515.92261
1767555516.07614
1767555516.22966
1767555516.38319
1767555516.53672
1767555516.69025
1767555516.84377
1767555516.99730
1767555517.15083
1767555517.30436
1767555517.45789
1767555517.61141
1767555517.76494
1767555517.91847
1767555518.07200
1767555518.22552
1767555518.37905
1767555518.53258
1767555518.68611
1767555518.83963
1767555518.99316
1767555519.14669
1767555519.30022
1767555519.45375
1767555519.60727
1767555519.76080
1767555519.91433
1767555520.06786
1767555520.22138
1767555520.37491
1767555520.52844
1767555520.68197
1767555520.83550
1767555520.98902
1767555521.14255
1767555521.29608
1767555521.44961
1767555521.60313
1767555521.75666
1767555521.91019
1767555522.06372
1767555522.21724
1767555522.37077
1767555522.52430
1767555522.67783
1767555522.83136
1767555522.98488
1767555523.13841
1767555523.29194
1767555523.44547
1767555523.59899
1767555523.75252
1767555523.90605
1767555524.05958
1767555524.21311
1767555524.36663
1767555524.52016
1767555524.67369
1767555524.82722
1767555524.98074
1767555525.13427
1767555525.28780
1767555525.44133
1767555525.59486
1767555525.74838
1767555525.90191
1767555526.05544
1767555526.20897
1767555526.36249
1767555526.51602
1767555526.66955
1767555526.82308
1767555526.97660
1767555527.13013
1767555527.28366
1767555527.43719
1767555527.59072
1767555527.74424
1767555527.89777
1767555528.05130
1767555528.20483
1767555528.35835
1767555528.51188
1767555528.66541
1767555528.81894
1767555528.97247
1767555529.12599
1767555529.27952
1767555529.43305
1767555529.58658
1767555529.74010
1767555529.89363
1767555530.04716
1767555530.20069
1767555530.35421
1767555530.50774
1767555530.66127
1767555530.81480
1767555530.96833
1767555531.12185
1767555531.27538
1767555531.42891
1767555531.58244
1767555531.73596
1767555531.88949
1767555532.04302
1767555532.19655
1767555532.35008
1767555532.50360
1767555532.65713
1767555532.81066
1767555532.96419
1767555533.11771
1767555533.27124
1767555533.42477
1767555533.57830
1767555533.73183
1767555533.88535
1767555534.03888
1767555534.19241
1767555534.34594
1767555534.49946
1767555534.65299
1767555534.80652
1767555534.96005
1767555535.11357
1767555535.26710
1767555535.42063
1767555535.57416
1767555535.72769
1767555535.88121
1767555536.03474
1767555536.18827
1767555536.34180
1767555536.49532
1767555536.64885
1767555536.80238
1767555536.95591
1767555537.10944
1767555537.26296
1767555537.41649
1767555537.57002
1767555537.72355
1767555537.87707
1767555538.03060
1767555538.18413
1767555538.33766
1767555538.49118
1767555538.64471
1767555538.79824
1767555538.95177
1767555539.10530
1767555539.25882
1767555539.41235
1767555539.56588
1767555539.71941
1767555539.87293
1767555540.02646
1767555540.17999
1767555540.33352
1767555540.48705
1767555540.64057
1767555540.79410
1767555540.94763
1767555541.10116
1767555541.25468
1767555541.40821
1767555541.56174
1767555541.71527
1767555541.86880
1767555542.02232
1767555542.17585
1767555542.32938
1767555542.48291
1767555542.63643
1767555542.78996
1767555542.94349
1767555543.09702
1767555543.25054
1767555543.40407
1767555543.55760
1767555543.71113
1767555543.86466
1767555544.01818
1767555544.17171
1767555544.32524
1767555544.47877
1767555544.63229
1767555544.78582
1767555544.93935
1767555545.09288
1767555545.24641
1767555545.39993
1767555545.55346
1767555545.70699
1767555545.86052
1767555546.01404
1767555546.16757
1767555546.32110
1767555546.47463
1767555546.62815
1767555546.78168
1767555546.93521
1767555547.08874
1767555547.24227
1767555547.39579
1767555547.54932
1767555547.70285
1767555547.85638
1767555548.00990
1767555548.16343
1767555548.31696
1767555548.47049
1767555548.62402
1767555548.77754
1767555548.93107
1767555549.08460
1767555549.23813
1767555549.39165
1767555549.54518
1767555549.69871
1767555549.85224
1767555550.00577
1767555550.15929
1767555550.31282
1767555550.46635
1767555550.61988
1767555550.77340
1767555550.92693
1767555551.08046
1767555551.23399
1767555551.38751
1767555551.54104
1767555551.69457
1767555551.84810
1767555552.00163
1767555552.15515
1767555552.30868
1767555552.46221
1767555552.61574
1767555552.76926
1767555552.92279
1767555553.07632
1767555553.22985
1767555553.38338
1767555553.53690
1767555553.69048